1 0.127664 0.143837 0.063812 0.098272
1 0.244682 0.142961 0.063375 0.086928
1 0.363957 0.134248 0.059359 0.073833
1 0.457583 0.137508 0.084178 0.102659
1 0.594933 0.135121 0.095718 0.106918
1 0.713194 0.129407 0.106532 0.091607
1 0.842339 0.129894 0.093750 0.100952
1 0.097612 0.285962 0.064259 0.114803
1 0.200715 0.283584 0.089009 0.122157
1 0.300081 0.283391 0.069627 0.111541
1 0.407219 0.273636 0.066923 0.106470
1 0.508285 0.274311 0.072668 0.104752
1 0.617431 0.268373 0.084576 0.101081
1 0.737098 0.266921 0.081405 0.108664
1 0.835903 0.263750 0.084238 0.106946
1 0.946321 0.261652 0.107357 0.120780